0.602934 0.116905 0.789179 -267.298 -0.0713558 0.993143 -0.0926038 37.6713 -0.794594 -0.000478528 0.607141 -254.393 0.493965 0.125478 0.86038 -297.653 -0.0746509 0.991998 -0.101815 40.9409
-0.866271 -0.0139352 0.49938 -218.42

0.434055 0.130056 0.891449 -311.416 -0.0789652 0.991209 -0.106161 42.3718 -0.897419 -0.0243139 0.440509 -198.445 0.306882 0.119947 0.944159 -335.948 -0.0820723 0.991666 -0.0993066 39.7199 -0.948202 -0.0470138 0.314169 -154.919

0.239657 0.11852 0.963596 -345.846 -0.0859843 0.991211 -0.100531 40.0136 -0.967043 -0.0587613 0.247741 -131.719 0.107292 0.121498 0.986776 -359.826 -0.0840311 0.990062 -0.112766 44.6041 -0.99067 -0.070821 0.116435 -85.2684


